0.000146736 0.000206275 0.000279101 0.000376839 0.000495856 0.000646072 0.000826391 0.00104247 0.00129693 0.00158756 0.00191799 0.00228546 0.00268682 0.00311663 0.00356825 0.00403331 0.00450241 0.00496507 0.00540961 0.00582514 0.00619969 0.0065227 0.0067852 0.00697934 0.00709912 0.00714097 0.00710387 0.00698871 0.00679918 0.00654081 0.00622137 0.00584988 0.00543711 0.00499445 0.00453299 0.00406426 0.00359874 0.00314603 0.00271444 0.00231127 0.00194222 0.00160824 0.00131297 0.00105885 0.000838873 0.000654803 0.00050538 0.000381621 0.000286211 0.000208073 0.000151794 
0.000205773 0.000287642 0.000387729 0.000521024 0.000682931 0.000886039 0.00112895 0.00141878 0.00175838 0.00214481 0.0025822 0.00306685 0.00359395 0.00415615 0.00474505 0.00534933 0.00595658 0.00655359 0.00712595 0.00765906 0.00813875 0.00855176 0.00888657 0.0091333 0.00928541 0.00933797 0.0092894 0.00914136 0.00889811 0.0085666 0.00815635 0.00767879 0.00714714 0.00657548 0.0059785 0.00537055 0.00476535 0.00417446 0.00361003 0.00308113 0.00259549 0.00215466 0.00176366 0.00142611 0.00113292 0.000886857 0.000686326 0.000519853 0.000390887 0.000285214 0.000208568 
0.000279442 0.000388978 0.000522904 0.000700193 0.000915136 0.00118347 0.00150352 0.00188379 0.00232804 0.00283143 0.00339946 0.00402649 0.00470638 0.00542916 0.00618388 0.00695536 0.00772876 0.00848724 0.00921229 0.00988599 0.0104916 0.0110121 0.0114337 0.0117445 0.0119366 0.0120033 0.0119438 0.0117594 0.0114553 0.0110399 0.0105248 0.00992366 0.00925323 0.00853024 0.00777294 0.00699935 0.00622651 0.00546949 0.00474351 0.00406064 0.00343144 0.002858 0.00234747 0.00190457 0.00151868 0.00119331 0.000926797 0.00070491 0.000531919 0.000390002 0.000286168 
0.000376234 0.000521222 0.000698443 0.000931379 0.00121315 0.00156313 0.00197885 0.00247092 0.00304317 0.00368936 0.00441525 0.00521402 0.00607619 0.00698962 0.00793996 0.00890841 0.00987536 0.0108205 0.0117223 0.0125578 0.0133069 0.0139495 0.0144699 0.0148529 0.0150893 0.0151716 0.015099 0.0148721 0.0144975 0.0139852 0.0133488 0.0126047 0.011773 0.0108732 0.00992852 0.00896036 0.00798973 0.00703587 0.00611786 0.00525186 0.00445035 0.00371758 0.0030626 0.00249238 0.00199364 0.00157167 0.00122442 0.000934505 0.000707284 0.000520603 0.000383048 
0.00049768 0.000686444 0.00091708 0.00121822 0.00158172 0.00203057 0.00256229 0.00318862 0.00391417 0.00473031 0.00564353 0.00664383 0.0077198 0.00885549 0.0100325 0.0112274 0.0124165 0.0135744 0.0146753 0.0156932 0.0166044 0.0173844 0.0180142 0.018478 0.0187641 0.018864 0.0187762 0.0185021 0.0180492 0.0174288 0.0166567 0.0157525 0.0147381 0.0136388 0.0124813 0.0112908 0.0100927 0.00891104 0.00776967 0.00668876 0.00568506 0.00476331 0.00393663 0.00321371 0.00257932 0.0020403 0.00159472 0.00122145 0.000927311 0.000685343 0.000505712 
0.000645952 0.000887287 0.00118213 0.00156464 0.00202523 0.00259157 0.00325987 0.00404413 0.00494866 0.00596234 0.00709181 0.00832427 0.00964488 0.0110338 0.0124678 0.0139182 0.0153551 0.0167513 0.0180747 0.019295 0.0203844 0.0213154 0.0220665 0.022619 0.0229607 0.0230813 0.0229786 0.0226552 0.022119 0.0213824 0.020464 0.0193843 0.0181711 0.0168516 0.0154568 0.0140183 0.0125644 0.0111242 0.00972807 0.00840026 0.00716222 0.00602061 0.00499237 0.00408911 0.00329332 0.00261432 0.00205005 0.0015762 0.00120047 0.000890937 0.000659344 
0.000828598 0.00113342 0.00150563 0.00198527 0.00256165 0.00326639 0.00409523 0.00506341 0.00617527 0.00741605 0.00879256 0.0102882 0.0118841 0.0135554 0.0152743 0.017005 0.0187136 0.0203666 0.0219284 0.0233643 0.0246416 0.0257309 0.026608 0.0272526 0.0276497 0.0277898 0.0276692 0.0272916 0.0266645 0.0258035 0.0247265 0.0234587 0.02203 0.0204713 0.018818 0.017107 0.015371 0.0136448 0.0119647 0.0103611 0.00885972 0.00746997 0.00621318 0.00510446 0.00412396 0.00328429 0.0025832 0.00199265 0.00152209 0.00113378 0.000841233 
0.0010433 0.00142162 0.0018833 0.00247466 0.00318352 0.00404614 0.00505701 0.00623265 0.00757733 0.00907156 0.0107222 0.0125083 0.0144061 0.0163855 0.0184135 0.020447 0.0224453 0.0243723 0.0261862 0.0278491 0.029324 0.03058 0.0315885 0.0323301 0.0327868 0.0329495 0.0328142 0.032383 0.0316663 0.0306785 0.0294404 0.0279791 0.0263259 0.0245168 0.0225912 0.02059 0.01855 0.0165131 0.0145222 0.012614 0.01082 0.00915168 0.00763699 0.00629442 0.00510255 0.00407717 0.00321695 0.00249026 0.00190777 0.00142656 0.00106128 
0.00129706 0.00176052 0.00232599 0.00304553 0.00390607 0.00494796 0.00616444 0.0075729 0.00917662 0.0109511 0.0129029 0.015005 0.0172291 0.0195387 0.0218947 0.0242465 0.0265476 0.0287565 0.0308293 0.0327212 0.0343966 0.0358183 0.0369578 0.0377936 0.0383089 0.0384927 0.0383411 0.037857 0.0370492 0.0359348 0.0345343 0.0328755 0.0309937 0.0289273 0.0267193 0.0244145 0.0220549 0.0196877 0.0173646 0.0151284 0.013017 0.0110448 0.00924614 0.00764469 0.00621743 0.0049843 0.00394472 0.00306391 0.00235401 0.00176651 0.00131763 
0.00158991 0.00215002 0.00283286 0.00369653 0.00472701 0.00596814 0.00741203 0.00907649 0.0109624 0.0130419 0.0153163 0.0177552 0.0203242 0.0229798 0.0256765 0.0283569 0.0309651 0.0334593 0.0357895 0.0379099 0.0397791 0.0413616 0.0426281 0.0435552 0.044125 0.0443285 0.0441605 0.0436252 0.0427298 0.0414912 0.0399314 0.0380797 0.0359713 0.0336475 0.0311543 0.0285411 0.0258529 0.0231437 0.0204731 0.0178906 0.0154411 0.0131439 0.011038 0.00915448 0.00746996 0.00600777 0.00476915 0.00371641 0.0028634 0.00215647 0.00161257 
0.00191904 0.00258574 0.00339807 0.0044195 0.00563562 0.00709258 0.00878149 0.0107197 0.0129066 0.0153061 0.0179199 0.0207087 0.0236332 0.0266428 0.0296858 0.0326946 0.0356091 0.0383834 0.040965 0.043305 0.0453614 0.0470975 0.0484845 0.0494973 0.050121 0.0503443 0.0501647 0.049583 0.0486088 0.0472565 0.0455484 0.0435145 0.04119 0.0386171 0.0358446 0.0329257 0.0299075 0.0268494 0.0238219 0.0208814 0.0180792 0.015438 0.0130069 0.0108208 0.00885805 0.00714721 0.00569051 0.00444872 0.00343712 0.00259742 0.00194705 
0.00228556 0.00306919 0.00402313 0.00521586 0.00663209 0.00832071 0.0102713 0.0124993 0.0150015 0.0177364 0.0206992 0.023847 0.0271314 0.0304965 0.0338834 0.0372162 0.0404262 0.0434682 0.0462868 0.048832 0.0510601 0.0529365 0.054431 0.0555221 0.056193 0.0564356 0.0562432 0.0556209 0.0545754 0.05312 0.0512774 0.0490756 0.0465488 0.0437407 0.0407008 0.0374867 0.0341436 0.0307397 0.0273547 0.024051 0.0208876 0.0178925 0.0151226 0.0126195 0.0103634 0.00838768 0.00669769 0.0052527 0.00406904 0.0030852 0.00231813 
0.00268636 0.00359553 0.00470165 0.00607663 0.00770573 0.00963879 0.0118638 0.0143935 0.0172221 0.0203003 0.023619 0.0271282 0.0307713 0.0344869 0.0382116 0.041856 0.0453483 0.0486413 0.0516794 0.0544113 0.0567947 0.0587952 0.0603851 0.0615431 0.0622553 0.0625124 0.0623114 0.0616527 0.0605448 0.0589992 0.0570359 0.0546819 0.0519711 0.0489453 0.0456558 0.0421598 0.0385033 0.0347607 0.0310234 0.0273586 0.023832 0.0204777 0.0173607 0.0145302 0.0119694 0.00971663 0.00778037 0.00612001 0.00475357 0.00361548 0.00272276 
0.00311515 0.00415634 0.00542219 0.00698725 0.00883741 0.0110225 0.0135286 0.0163656 0.0195234 0.0229452 0.0266168 0.0304804 0.0344727 0.0385265 0.0425702 0.0465088 0.0502611 0.053783 0.0570173 0.0599142 0.0624332 0.0645403 0.0662115 0.0674264 0.0681727 0.0684438 0.068235 0.0675481 0.0663887 0.0647675 0.0627019 0.0602169 0.057344 0.0541245 0.050607 0.0468509 0.0429006 0.0388364 0.0347591 0.0307428 0.0268589 0.0231476 0.0196835 0.0165217 0.0136501 0.0111135 0.00892306 0.00703938 0.00548086 0.00418119 0.00315585 
0.00356587 0.00474406 0.00617498 0.00793514 0.0100111 0.012452 0.0152414 0.0183867 0.0218718 0.0256331 0.0296506 0.0338577 0.0381864 0.0425599 0.0469054 0.051117 0.0551067 0.0588356 0.062245 0.0652858 0.0679214 0.07012 0.0718588 0.0731214 0.0738973 0.074178 0.0739631 0.073251 0.0720475 0.0703628 0.0682097 0.0656108 0.0625967 0.0592045 0.0554823 0.0514887 0.0472657 0.0428995 0.0385006 0.0341467 0.029917 0.0258579 0.0220509 0.0185603 0.0153779 0.0125552 0.0101066 0.00799491 0.00623994 0.00477367 0.00361033 
0.0040295 0.00534615 0.00694369 0.00889966 0.0112009 0.0138952 0.0169638 0.0204098 0.0242113 0.0282984 0.0326425 0.0371717 0.0418089 0.0464764 0.051093 0.0555455 0.0597406 0.0636439 0.0671975 0.0703566 0.0730844 0.0753541 0.0771454 0.0784446 0.0792425 0.0795326 0.0793143 0.0785853 0.0773515 0.0756189 0.0733997 0.0707132 0.0675847 0.0640499 0.0601554 0.0559572 0.0514924 0.0468535 0.0421601 0.0374944 0.0329398 0.0285496 0.0244144 0.0206039 0.0171176 0.0140128 0.0113079 0.00896839 0.0070153 0.00538131 0.00407804 
0.00449739 0.00595151 0.00771431 0.0098627 0.012385 0.015325 0.0186636 0.0223974 0.0264994 0.0308918 0.0355388 0.0403618 0.0452781 0.0502052 0.0550575 0.0597149 0.0640792 0.0681212 0.0717862 0.0750321 0.0778261 0.0801447 0.0819706 0.0832939 0.084106 0.0844038 0.0841829 0.0834446 0.0821918 0.080429 0.0781657 0.075417 0.0722049 0.0685614 0.0645296 0.0601643 0.055494 0.050618 0.0456638 0.0407168 0.0358658 0.0311689 0.026725 0.0226113 0.0188339 0.0154569 0.0125027 0.00994045 0.00779239 0.00599209 0.00454937 
0.00495871 0.00654644 0.00846978 0.0108035 0.0135375 0.0167129 0.0203072 0.024312 0.0286932 0.033369 0.0382928 0.0433815 0.0485446 0.0536989 0.0587563 0.0635871 0.0680896 0.0722415 0.0759933 0.079304 0.0821458 0.0844984 0.0863485 0.0876877 0.0885095 0.0888118 0.0885913 0.0878481 0.0865843 0.0848019 0.0825091 0.0797166 0.0764431 0.0727163 0.0685757 0.0640727 0.0592296 0.0541484 0.0489653 0.0437686 0.0386488 0.033672 0.0289421 0.0245456 0.0204945 0.0168588 0.0136659 0.0108899 0.00855381 0.00659234 0.00501376 
0.00540208 0.00711689 0.00919177 0.0117002 0.0146328 0.0180276 0.021859 0.0261128 0.0307496 0.0356804 0.0408518 0.0461743 0.0515536 0.0569016 0.0621309 0.0671051 0.0717178 0.075956 0.0797715 0.0831289 0.0860037 0.0883794 0.090245 0.0915942 0.092423 0.0927285 0.0925092 0.0917643 0.0904948 0.0887015 0.08639 0.0835684 0.0802521 0.0764641 0.0722399 0.0676275 0.0626413 0.0573867 0.0520085 0.0465933 0.0412364 0.0360086 0.0310212 0.0263652 0.0220622 0.0181872 0.0147714 0.0117957 0.0092812 0.00716818 0.0054598 
0.00581593 0.0076479 0.00986231 0.0125308 0.0156456 0.0192387 0.0232842 0.027761 0.0326242 0.0377809 0.0431671 0.0486914 0.0542528 0.0597636 0.0651346 0.0702243 0.0749228 0.0792246 0.0830865 0.0864761 0.0893726 0.0917628 0.0936387 0.094995 0.0958283 0.0961367 0.0959191 0.0951742 0.0939017 0.0921031 0.089781 0.0869419 0.0835964 0.0797654 0.0754792 0.0707822 0.06568 0.0602838 0.0547419 0.0491413 0.0435798 0.0381332 0.0329176 0.0280319 0.0235029 0.019411 0.0157933 0.012634 0.00995675 0.00770375 0.00587592 
0.00618947 0.0081256 0.0104651 0.0132749 0.0165501 0.0203183 0.0245505 0.0292211 0.0342807 0.0396289 0.0451978 0.0508902 0.056602 0.0622457 0.0677302 0.07291 0.0776727 0.0820208 0.085915 0.0893257 0.0922367 0.0946363 0.0965184 0.0978794 0.0987165 0.0990274 0.0988115 0.098067 0.0967942 0.0949936 0.0926661 0.0898161 0.0864527 0.0825917 0.0782608 0.0735008 0.0683091 0.0627975 0.0571223 0.0513688 0.0456357 0.0400039 0.0345942 0.0295079 0.024783 0.0205023 0.0167059 0.0133855 0.0105635 0.00818595 0.00625092 
0.00651125 0.00853655 0.0109825 0.0139128 0.0173238 0.0212395 0.0256283 0.0304614 0.0356828 0.0411901 0.0469075 0.0527355 0.0585678 0.0643146 0.0698877 0.0751356 0.0799447 0.0843257 0.0882414 0.0916665 0.0945864 0.0969922 0.0988789 0.100243 0.101083 0.101397 0.101182 0.100439 0.0991662 0.0973646 0.0950348 0.0921789 0.0888045 0.0849241 0.0805624 0.0757562 0.0704965 0.064896 0.0591158 0.0532397 0.0473676 0.0415857 0.0360142 0.0307624 0.0258731 0.0214339 0.0174868 0.0140296 0.0110841 0.00860048 0.00657419 
0.00677198 0.00886933 0.0114009 0.0144276 0.0179475 0.0219807 0.0264941 0.0314541 0.0368028 0.0424341 0.048267 0.0541993 0.0601214 0.0659469 0.0715844 0.0768822 0.0817244 0.0861277 0.0900575 0.0934915 0.096417 0.098827 0.100717 0.102085 0.102927 0.103242 0.103029 0.102286 0.101014 0.0992123 0.0968812 0.0940229 0.0906416 0.0867489 0.0823663 0.0775284 0.0722186 0.0665525 0.0606934 0.0547248 0.0487471 0.0428463 0.0371494 0.0317674 0.0267482 0.022183 0.018116 0.0145493 0.0115052 0.00893628 0.00683605 
0.00696434 0.00911412 0.0117083 0.0148058 0.0184047 0.0225227 0.0271272 0.0321794 0.0376195 0.0433396 0.0492537 0.0552592 0.0612455 0.0671241 0.0728068 0.0781382 0.0830011 0.0874185 0.091357 0.0947968 0.097726 0.100139 0.102032 0.103401 0.104246 0.104563 0.10435 0.103608 0.102336 0.100534 0.0982023 0.0953424 0.0919574 0.0880576 0.083662 0.0788032 0.0734599 0.0677483 0.0618345 0.0558012 0.0497474 0.0437641 0.0379771 0.0325018 0.0273889 0.0227312 0.0185774 0.0149309 0.0118146 0.00918328 0.00702905 
0.00708224 0.0092641 0.0118961 0.0150368 0.0186841 0.0228543 0.0275137 0.032621 0.0381163 0.0438888 0.0498519 0.0559011 0.0619243 0.0678345 0.0735437 0.0788946 0.0837696 0.0881947 0.0921379 0.0955807 0.0985121 0.100926 0.102821 0.104192 0.105038 0.105356 0.105144 0.104402 0.10313 0.101328 0.0989961 0.0961352 0.0927486 0.0888445 0.0844421 0.0795718 0.074209 0.0684704 0.0625257 0.0564527 0.0503549 0.0443211 0.0384803 0.0329486 0.0277788 0.0230666 0.0188593 0.0151645 0.012004 0.00933447 0.00714704 
0.00712202 0.00931451 0.0119597 0.0151147 0.018778 0.0229658 0.0276426 0.0327696 0.0382827 0.0440728 0.0500521 0.0561165 0.0621516 0.0680724 0.0737898 0.0791468 0.0840265 0.0884537 0.0923983 0.0958419 0.0987738 0.101189 0.103084 0.104456 0.105302 0.10562 0.105409 0.104667 0.103395 0.101593 0.0992604 0.0963996 0.093012 0.0891076 0.0847029 0.079828 0.0744588 0.0687125 0.0627563 0.0566718 0.0505582 0.0445077 0.0386499 0.0330987 0.0279107 0.0231794 0.018954 0.0152425 0.0120675 0.00938529 0.00718706 
0.00708225 0.0092641 0.0118961 0.0150368 0.0186841 0.0228543 0.0275136 0.0326209 0.0381162 0.043889 0.0498519 0.0559011 0.0619244 0.0678345 0.0735437 0.0788946 0.0837696 0.0881947 0.0921378 0.0955807 0.0985121 0.100926 0.102821 0.104192 0.105038 0.105356 0.105144 0.104402 0.10313 0.101328 0.0989961 0.0961352 0.0927486 0.0888446 0.0844421 0.0795718 0.0742091 0.0684704 0.0625257 0.0564527 0.050355 0.044321 0.0384803 0.0329486 0.0277788 0.0230666 0.0188592 0.0151645 0.012004 0.00933445 0.00714704 
0.00696432 0.0091141 0.0117083 0.0148058 0.0184048 0.0225227 0.0271272 0.0321794 0.0376194 0.0433395 0.0492536 0.0552591 0.0612456 0.067124 0.0728067 0.0781382 0.083001 0.0874184 0.091357 0.0947968 0.097726 0.100139 0.102032 0.103401 0.104246 0.104563 0.10435 0.103608 0.102336 0.100534 0.0982023 0.0953424 0.0919575 0.0880576 0.083662 0.0788031 0.0734599 0.0677483 0.0618345 0.0558012 0.0497475 0.0437642 0.037977 0.0325018 0.0273889 0.0227313 0.0185774 0.0149309 0.0118146 0.00918332 0.00702906 
0.00677198 0.00886932 0.0114009 0.0144276 0.0179476 0.0219807 0.0264941 0.0314541 0.0368029 0.0424341 0.048267 0.0541993 0.0601215 0.0659469 0.0715842 0.0768822 0.0817244 0.0861276 0.0900575 0.0934915 0.0964169 0.098827 0.100717 0.102085 0.102927 0.103242 0.103029 0.102286 0.101014 0.0992123 0.0968812 0.0940228 0.0906416 0.0867489 0.0823663 0.0775284 0.0722185 0.0665526 0.0606934 0.0547248 0.0487471 0.0428463 0.0371494 0.0317674 0.0267482 0.022183 0.0181161 0.0145493 0.0115052 0.00893629 0.00683609 
0.00651127 0.00853654 0.0109825 0.0139128 0.0173238 0.0212395 0.0256282 0.0304614 0.0356828 0.04119 0.0469076 0.0527356 0.0585677 0.0643147 0.0698877 0.0751357 0.0799447 0.0843256 0.0882415 0.0916665 0.0945864 0.0969922 0.0988789 0.100243 0.101083 0.101397 0.101182 0.100439 0.0991662 0.0973647 0.0950348 0.0921789 0.0888046 0.0849242 0.0805624 0.0757562 0.0704965 0.0648961 0.0591158 0.0532397 0.0473677 0.0415856 0.0360143 0.0307624 0.025873 0.0214339 0.0174868 0.0140296 0.0110841 0.0086005 0.00657418 
0.00618947 0.00812562 0.0104651 0.0132749 0.0165501 0.0203183 0.0245505 0.0292212 0.0342807 0.0396288 0.0451979 0.0508902 0.056602 0.0622456 0.0677303 0.0729099 0.0776726 0.0820208 0.085915 0.0893257 0.0922367 0.0946364 0.0965185 0.0978794 0.0987165 0.0990274 0.0988115 0.098067 0.0967942 0.0949936 0.0926661 0.0898161 0.0864527 0.0825916 0.0782608 0.0735007 0.0683091 0.0627975 0.0571223 0.0513688 0.0456357 0.0400039 0.0345943 0.0295079 0.024783 0.0205023 0.0167059 0.0133855 0.0105635 0.00818596 0.00625092 
0.00581595 0.00764791 0.0098623 0.0125308 0.0156455 0.0192387 0.0232841 0.027761 0.0326241 0.0377809 0.0431672 0.0486914 0.0542528 0.0597636 0.0651346 0.0702243 0.0749228 0.0792246 0.0830864 0.0864761 0.0893726 0.0917627 0.0936388 0.094995 0.0958283 0.0961367 0.0959191 0.0951742 0.0939018 0.0921032 0.089781 0.0869419 0.0835964 0.0797654 0.0754791 0.0707822 0.06568 0.0602837 0.0547419 0.0491412 0.0435797 0.0381332 0.0329176 0.0280318 0.0235028 0.019411 0.0157933 0.0126341 0.00995677 0.00770375 0.00587594 
0.00540208 0.00711692 0.0091918 0.0117002 0.0146327 0.0180276 0.021859 0.0261127 0.0307498 0.0356804 0.0408517 0.0461742 0.0515536 0.0569016 0.0621309 0.067105 0.0717178 0.075956 0.0797715 0.0831289 0.0860037 0.0883794 0.0902451 0.0915942 0.092423 0.0927285 0.0925091 0.0917644 0.0904948 0.0887016 0.08639 0.0835683 0.080252 0.0764641 0.0722399 0.0676275 0.0626413 0.0573867 0.0520085 0.0465934 0.0412364 0.0360085 0.0310212 0.0263652 0.0220622 0.0181872 0.0147714 0.0117957 0.0092812 0.00716819 0.0054598 
0.00495872 0.00654643 0.00846977 0.0108035 0.0135375 0.0167129 0.0203072 0.024312 0.0286932 0.033369 0.0382928 0.0433812 0.0485446 0.0536989 0.0587562 0.0635872 0.0680896 0.0722415 0.0759933 0.0793041 0.0821458 0.0844985 0.0863486 0.0876877 0.0885096 0.0888118 0.0885913 0.0878483 0.0865842 0.0848019 0.082509 0.0797165 0.0764431 0.0727163 0.0685756 0.0640728 0.0592296 0.0541485 0.0489653 0.0437686 0.0386488 0.0336721 0.0289421 0.0245455 0.0204945 0.0168588 0.013666 0.0108899 0.00855381 0.00659235 0.00501374 
0.0044974 0.00595151 0.00771429 0.00986272 0.012385 0.0153251 0.0186636 0.0223974 0.0264994 0.0308919 0.0355388 0.0403617 0.0452782 0.0502052 0.0550575 0.0597149 0.0640792 0.0681213 0.0717861 0.0750321 0.0778261 0.0801446 0.0819706 0.0832939 0.084106 0.0844037 0.0841829 0.0834446 0.0821919 0.080429 0.0781657 0.0754171 0.0722049 0.0685615 0.0645296 0.0601644 0.055494 0.050618 0.0456639 0.0407168 0.0358659 0.031169 0.026725 0.0226114 0.0188339 0.015457 0.0125026 0.00994044 0.00779236 0.00599208 0.00454938 
0.00402948 0.00534613 0.00694365 0.00889966 0.0112009 0.0138951 0.0169639 0.0204099 0.0242114 0.0282983 0.0326424 0.0371716 0.0418089 0.0464763 0.051093 0.0555456 0.0597407 0.0636437 0.0671976 0.0703565 0.0730843 0.0753541 0.0771454 0.0784445 0.0792426 0.0795326 0.0793143 0.0785853 0.0773516 0.075619 0.0733997 0.0707132 0.0675848 0.0640499 0.0601554 0.0559573 0.0514924 0.0468535 0.0421603 0.0374944 0.0329397 0.0285496 0.0244144 0.0206039 0.0171177 0.0140128 0.011308 0.00896843 0.00701528 0.0053813 0.00407804 
0.00356585 0.00474401 0.00617503 0.00793511 0.0100112 0.012452 0.0152413 0.0183867 0.0218718 0.0256331 0.0296506 0.0338577 0.0381864 0.0425598 0.0469055 0.051117 0.0551067 0.0588357 0.0622451 0.0652857 0.0679214 0.07012 0.0718587 0.0731214 0.0738973 0.074178 0.0739631 0.0732509 0.0720476 0.0703627 0.0682096 0.0656109 0.0625968 0.0592044 0.0554822 0.0514887 0.0472657 0.0428995 0.0385006 0.0341468 0.029917 0.025858 0.0220508 0.0185603 0.0153779 0.0125552 0.0101066 0.00799493 0.00623991 0.00477366 0.00361034 
0.00311515 0.00415634 0.00542217 0.00698722 0.00883742 0.0110225 0.0135285 0.0163656 0.0195234 0.0229452 0.0266167 0.0304804 0.0344727 0.0385266 0.0425703 0.0465088 0.050261 0.053783 0.0570173 0.0599141 0.062433 0.0645405 0.0662116 0.0674264 0.0681728 0.0684438 0.0682349 0.0675481 0.0663888 0.0647675 0.0627018 0.060217 0.057344 0.0541245 0.050607 0.0468509 0.0429006 0.0388365 0.0347591 0.0307428 0.0268589 0.0231476 0.0196835 0.0165218 0.0136501 0.0111135 0.00892305 0.00703938 0.0054808 0.00418119 0.00315586 
0.00268635 0.00359553 0.00470167 0.00607662 0.0077057 0.00963884 0.0118638 0.0143934 0.0172221 0.0203003 0.0236189 0.0271281 0.0307714 0.034487 0.0382115 0.041856 0.0453482 0.0486413 0.0516795 0.0544113 0.0567947 0.0587953 0.0603851 0.0615432 0.0622555 0.0625124 0.0623114 0.0616527 0.0605448 0.0589992 0.057036 0.0546819 0.0519712 0.0489454 0.0456558 0.0421598 0.0385033 0.0347607 0.0310234 0.0273586 0.0238321 0.0204777 0.0173608 0.0145302 0.0119694 0.00971663 0.00778039 0.00612001 0.00475358 0.00361547 0.00272275 
0.00228557 0.00306917 0.00402312 0.00521588 0.00663208 0.00832074 0.0102714 0.0124993 0.0150016 0.0177364 0.0206992 0.023847 0.0271314 0.0304965 0.0338834 0.0372161 0.0404263 0.0434683 0.0462868 0.0488319 0.0510602 0.0529365 0.0544312 0.0555222 0.056193 0.0564357 0.0562432 0.0556209 0.0545754 0.0531201 0.0512774 0.0490755 0.0465488 0.0437407 0.0407009 0.0374867 0.0341436 0.0307397 0.0273547 0.0240509 0.0208877 0.0178925 0.0151226 0.0126196 0.0103634 0.00838768 0.0066977 0.00525268 0.00406902 0.00308519 0.00231812 
0.00191903 0.00258575 0.00339808 0.0044195 0.00563559 0.00709257 0.0087815 0.0107197 0.0129066 0.0153061 0.01792 0.0207088 0.0236331 0.0266428 0.0296858 0.0326946 0.0356092 0.0383835 0.040965 0.043305 0.0453614 0.0470976 0.0484844 0.0494973 0.050121 0.0503444 0.0501647 0.0495829 0.0486088 0.0472564 0.0455485 0.0435145 0.04119 0.0386171 0.0358446 0.0329256 0.0299076 0.0268495 0.0238219 0.0208814 0.0180792 0.015438 0.0130069 0.0108208 0.00885807 0.00714723 0.00569051 0.00444869 0.00343711 0.00259742 0.00194706 
0.00158991 0.00215001 0.00283285 0.00369651 0.004727 0.00596815 0.00741202 0.00907651 0.0109624 0.0130419 0.0153163 0.0177553 0.0203242 0.0229797 0.0256765 0.0283569 0.0309651 0.0334593 0.0357895 0.0379098 0.0397791 0.0413618 0.0426281 0.0435552 0.0441249 0.0443284 0.0441605 0.0436252 0.0427298 0.0414911 0.0399314 0.0380796 0.0359713 0.0336477 0.0311543 0.0285412 0.0258529 0.0231437 0.0204731 0.0178906 0.015441 0.0131439 0.0110381 0.00915446 0.00746993 0.00600777 0.00476914 0.0037164 0.00286339 0.00215647 0.00161257 
0.00129706 0.00176052 0.00232598 0.00304552 0.00390608 0.00494795 0.00616443 0.00757288 0.00917663 0.0109511 0.0129029 0.015005 0.0172291 0.0195387 0.0218947 0.0242465 0.0265476 0.0287565 0.0308293 0.0327212 0.0343965 0.0358181 0.0369578 0.0377935 0.038309 0.0384928 0.0383413 0.037857 0.0370493 0.0359348 0.0345341 0.0328755 0.0309938 0.0289273 0.0267193 0.0244146 0.0220549 0.0196877 0.0173646 0.0151284 0.013017 0.0110448 0.00924616 0.00764468 0.0062174 0.00498433 0.00394471 0.00306391 0.00235401 0.00176651 0.00131763 
0.0010433 0.00142162 0.00188329 0.00247466 0.00318352 0.00404615 0.00505698 0.00623265 0.0075773 0.00907156 0.0107223 0.0125083 0.0144061 0.0163856 0.0184135 0.020447 0.0224453 0.0243723 0.0261862 0.0278492 0.0293239 0.03058 0.0315887 0.0323302 0.0327868 0.0329494 0.0328142 0.0323831 0.0316662 0.0306785 0.0294405 0.0279791 0.026326 0.024517 0.0225911 0.02059 0.01855 0.0165132 0.0145223 0.0126139 0.0108199 0.0091517 0.00763697 0.0062944 0.00510255 0.00407719 0.00321698 0.00249027 0.00190776 0.00142656 0.00106129 
0.0008286 0.00113342 0.00150563 0.00198527 0.00256166 0.0032664 0.00409522 0.00506343 0.00617526 0.00741605 0.00879255 0.0102882 0.0118841 0.0135554 0.0152743 0.017005 0.0187137 0.0203666 0.0219283 0.0233643 0.0246417 0.0257309 0.026608 0.0272526 0.0276497 0.0277899 0.0276693 0.0272915 0.0266646 0.0258035 0.0247264 0.0234586 0.0220301 0.0204713 0.0188181 0.017107 0.0153709 0.0136448 0.0119648 0.0103611 0.00885975 0.00746997 0.00621318 0.00510445 0.00412393 0.00328428 0.0025832 0.00199265 0.0015221 0.00113379 0.000841237 
0.000645949 0.000887287 0.00118212 0.00156464 0.00202523 0.00259157 0.00325986 0.00404412 0.00494867 0.00596232 0.00709179 0.00832425 0.00964491 0.0110338 0.0124678 0.0139182 0.0153551 0.0167514 0.0180747 0.0192951 0.0203844 0.0213153 0.0220665 0.0226191 0.0229606 0.0230813 0.0229786 0.0226551 0.022119 0.0213825 0.0204639 0.0193844 0.0181711 0.0168516 0.0154568 0.0140183 0.0125645 0.0111242 0.00972804 0.0084003 0.00716223 0.00602059 0.00499234 0.00408912 0.00329332 0.00261431 0.00205005 0.0015762 0.00120047 0.000890932 0.000659342 
0.000497677 0.000686442 0.000917082 0.00121822 0.00158171 0.00203057 0.00256229 0.00318862 0.00391417 0.00473033 0.00564354 0.00664383 0.00771979 0.00885546 0.0100325 0.0112274 0.0124165 0.0135744 0.0146753 0.0156932 0.0166044 0.0173844 0.0180142 0.018478 0.0187641 0.0188639 0.0187762 0.0185021 0.0180493 0.0174288 0.0166566 0.0157524 0.0147381 0.0136388 0.0124813 0.0112908 0.0100927 0.00891101 0.00776962 0.00668877 0.00568507 0.00476333 0.00393664 0.0032137 0.00257933 0.00204029 0.00159471 0.00122145 0.00092732 0.000685347 0.000505706 
0.000376236 0.000521223 0.00069844 0.000931374 0.00121315 0.00156312 0.00197884 0.00247091 0.00304318 0.00368937 0.00441524 0.00521402 0.00607618 0.00698965 0.00793996 0.00890841 0.00987537 0.0108205 0.0117223 0.0125579 0.013307 0.0139495 0.0144699 0.0148528 0.0150893 0.0151717 0.0150989 0.0148721 0.0144975 0.0139852 0.0133489 0.0126047 0.011773 0.0108733 0.00992845 0.00896032 0.00798973 0.00703586 0.00611786 0.00525188 0.00445035 0.00371757 0.0030626 0.00249238 0.00199363 0.00157168 0.00122442 0.000934512 0.000707285 0.0005206 0.000383047 
0.00027944 0.000388978 0.000522904 0.000700202 0.000915136 0.00118347 0.00150352 0.00188378 0.00232804 0.00283142 0.00339945 0.00402649 0.00470637 0.00542913 0.00618391 0.00695536 0.00772872 0.00848722 0.0092123 0.00988593 0.0104915 0.0110121 0.0114337 0.0117445 0.0119366 0.0120032 0.0119438 0.0117595 0.0114553 0.0110399 0.0105248 0.00992372 0.00925327 0.00853028 0.00777294 0.00699938 0.00622652 0.00546948 0.00474348 0.00406065 0.00343144 0.00285801 0.00234746 0.00190458 0.00151868 0.00119331 0.000926799 0.000704909 0.000531918 0.000390002 0.000286167 
0.000205774 0.000287643 0.00038773 0.000521023 0.000682929 0.000886031 0.00112895 0.00141878 0.00175838 0.00214481 0.00258221 0.00306684 0.00359394 0.00415613 0.00474507 0.00534934 0.00595659 0.00655358 0.00712592 0.0076591 0.00813875 0.0085518 0.00888659 0.00913327 0.0092854 0.009338 0.00928936 0.00914132 0.00889812 0.00856657 0.00815632 0.00767879 0.00714719 0.00657547 0.00597847 0.00537057 0.00476532 0.0041745 0.00361003 0.00308114 0.00259549 0.00215465 0.00176365 0.00142611 0.00113292 0.000886862 0.000686323 0.000519853 0.000390889 0.000285213 0.000208568 
0.000146736 0.000206274 0.000279099 0.000376836 0.000495853 0.000646075 0.000826395 0.00104247 0.00129692 0.00158756 0.00191799 0.00228546 0.00268682 0.00311664 0.00356826 0.0040333 0.00450239 0.00496509 0.00540963 0.00582511 0.00619971 0.00652269 0.0067852 0.00697939 0.0070991 0.007141 0.00710385 0.0069887 0.00679915 0.00654085 0.0062214 0.00584989 0.00543711 0.00499446 0.00453301 0.00406427 0.00359876 0.00314601 0.00271445 0.00231127 0.00194222 0.00160824 0.00131298 0.00105885 0.000838872 0.000654804 0.000505381 0.000381621 0.000286214 0.000208073 0.000151795 
