0.00111174 0.00112236 0.001132 0.00114271 0.00115701 0.00116306 0.00117432 0.00118429 0.00119324 0.00120162 0.00121007 0.00121861 0.00122617 0.00123392 0.0012412 0.00124836 0.00125533 0.001262 0.00126853 0.00127483 0.00128088 0.00128675 0.00129238 0.00129758 0.00130272 0.00130753 0.00131196 0.00131576 0.00131953 0.00132276 0.00132522 0.00132748 0.00132936 0.00133046 0.00133102 0.00133105 0.00133064 0.00132946 0.00132812 0.00132568 0.00132264 0.00131943 0.00131542 0.00130971 0.00130655 0.00130041 0.00129101 0.00128479 0.00127843 0.00127099 0.001262 
0.00112531 0.00113592 0.00114546 0.00115626 0.00116986 0.00117593 0.00118672 0.00119645 0.0012051 0.00121306 0.0012212 0.00122913 0.00123639 0.00124351 0.0012501 0.00125681 0.00126324 0.00126957 0.00127551 0.00128137 0.00128694 0.00129229 0.00129749 0.00130251 0.00130718 0.00131151 0.00131565 0.00131943 0.00132282 0.00132584 0.00132831 0.00133069 0.00133231 0.0013334 0.00133409 0.00133408 0.00133365 0.00133282 0.00133122 0.00132904 0.00132593 0.00132268 0.00131901 0.00131306 0.00130993 0.00130383 0.00129451 0.00128837 0.001282 0.00127448 0.00126558 
0.00114736 0.00115743 0.00116599 0.00117566 0.0011884 0.00119385 0.00120389 0.00121271 0.00122055 0.00122764 0.00123468 0.00124198 0.00124822 0.0012546 0.00126042 0.00126629 0.00127177 0.00127722 0.0012825 0.00128766 0.00129254 0.00129724 0.00130203 0.0013065 0.00131066 0.00131492 0.00131882 0.00132228 0.00132537 0.00132843 0.00133092 0.00133302 0.00133479 0.00133602 0.00133681 0.00133706 0.00133682 0.00133599 0.00133472 0.0013327 0.00133002 0.00132691 0.00132314 0.00131747 0.00131462 0.00130845 0.00129958 0.00129311 0.00128681 0.0012791 0.00127043 
0.00115475 0.00116494 0.00117368 0.0011835 0.0011963 0.00120174 0.00121179 0.00122044 0.00122809 0.00123482 0.00124181 0.00124868 0.00125486 0.00126078 0.00126631 0.00127159 0.00127673 0.00128186 0.00128673 0.00129128 0.00129574 0.00130011 0.00130431 0.0013085 0.00131243 0.0013165 0.00131992 0.0013235 0.00132673 0.00132959 0.00133222 0.00133451 0.00133652 0.00133788 0.00133892 0.00133955 0.00133989 0.00133962 0.00133857 0.00133691 0.00133472 0.00133214 0.00132899 0.00132385 0.0013213 0.00131578 0.00130724 0.00130126 0.00129551 0.00128823 0.00127993 
0.00116861 0.0011785 0.00118714 0.00119664 0.00120878 0.00121435 0.00122349 0.0012317 0.00123906 0.00124525 0.00125145 0.00125793 0.00126321 0.00126843 0.00127337 0.0012779 0.00128233 0.00128649 0.00129051 0.00129459 0.00129835 0.0013022 0.0013058 0.00130939 0.00131302 0.00131644 0.00131966 0.00132271 0.00132577 0.00132862 0.00133121 0.00133348 0.00133554 0.00133695 0.00133821 0.00133886 0.00133917 0.00133916 0.00133837 0.00133687 0.00133472 0.00133226 0.00132916 0.00132425 0.00132158 0.00131616 0.00130782 0.00130184 0.00129592 0.00128859 0.00128027 
0.00118418 0.00119381 0.00120198 0.0012112 0.00122256 0.00122763 0.00123603 0.00124382 0.00125033 0.00125579 0.00126144 0.00126688 0.00127143 0.00127597 0.0012798 0.00128355 0.00128711 0.00129029 0.00129375 0.00129676 0.00129976 0.00130291 0.00130594 0.00130895 0.001312 0.00131501 0.00131801 0.00132091 0.00132388 0.0013266 0.00132902 0.00133148 0.00133379 0.00133548 0.00133709 0.00133802 0.00133864 0.00133877 0.00133831 0.00133731 0.00133543 0.00133321 0.00133045 0.00132599 0.00132349 0.00131811 0.00131031 0.00130432 0.00129858 0.00129129 0.00128322 
0.0011935 0.00120296 0.00121121 0.00121984 0.00123096 0.00123582 0.0012442 0.00125129 0.00125727 0.00126226 0.0012672 0.00127236 0.00127623 0.00128014 0.00128314 0.00128617 0.00128912 0.00129167 0.00129422 0.00129671 0.00129911 0.00130146 0.00130385 0.00130652 0.00130909 0.00131178 0.00131462 0.00131735 0.00132028 0.00132304 0.00132594 0.00132856 0.00133112 0.00133338 0.00133531 0.00133682 0.00133798 0.00133884 0.00133887 0.00133805 0.00133681 0.00133524 0.00133279 0.00132883 0.00132682 0.00132177 0.0013145 0.00130889 0.00130333 0.00129636 0.00128856 
0.00120673 0.00121606 0.00122392 0.00123225 0.00124265 0.00124723 0.00125467 0.0012611 0.00126662 0.00127063 0.00127511 0.00127925 0.00128236 0.00128512 0.0012874 0.00128923 0.00129118 0.00129286 0.00129419 0.00129573 0.00129729 0.00129892 0.0013006 0.00130231 0.00130437 0.0013068 0.00130919 0.00131172 0.00131441 0.00131727 0.00132007 0.00132288 0.00132553 0.00132807 0.0013304 0.00133228 0.00133389 0.00133511 0.00133575 0.00133536 0.00133446 0.00133324 0.00133115 0.00132746 0.0013258 0.00132106 0.00131423 0.00130881 0.00130378 0.00129677 0.00128919 
0.0012184 0.00122752 0.00123502 0.00124313 0.00125275 0.00125694 0.00126406 0.00126974 0.00127458 0.0012781 0.00128144 0.00128483 0.00128695 0.001289 0.0012902 0.0012911 0.0012918 0.0012923 0.00129293 0.00129336 0.00129378 0.00129459 0.00129549 0.00129662 0.00129823 0.00129984 0.00130203 0.00130443 0.00130717 0.00131001 0.00131312 0.00131614 0.00131927 0.00132229 0.00132498 0.00132762 0.0013299 0.00133181 0.00133285 0.00133318 0.00133284 0.00133221 0.00133047 0.00132763 0.00132634 0.0013221 0.00131571 0.00131083 0.00130592 0.00129942 0.00129224 
0.00122932 0.00123814 0.00124549 0.00125305 0.00126209 0.00126606 0.00127231 0.0012775 0.00128177 0.0012843 0.00128695 0.00128941 0.00129061 0.00129175 0.00129176 0.0012914 0.00129114 0.00129045 0.00128996 0.00128922 0.00128879 0.00128845 0.00128864 0.00128899 0.00128999 0.0012913 0.00129306 0.00129523 0.00129795 0.00130094 0.00130432 0.00130784 0.00131139 0.00131508 0.00131838 0.00132163 0.00132461 0.00132725 0.00132895 0.00132993 0.00133034 0.00133035 0.00132956 0.00132691 0.00132614 0.00132252 0.00131691 0.00131212 0.00130777 0.00130148 0.00129471 
0.00124024 0.00124885 0.00125584 0.00126315 0.00127141 0.00127505 0.00128062 0.00128511 0.0012886 0.00129023 0.00129205 0.00129347 0.00129369 0.00129365 0.00129255 0.00129111 0.00128944 0.00128755 0.00128569 0.00128389 0.00128221 0.0012808 0.00128009 0.00127968 0.00127975 0.00128082 0.00128207 0.00128421 0.0012868 0.00129011 0.00129379 0.00129769 0.00130179 0.00130602 0.00131019 0.00131403 0.00131793 0.00132131 0.00132383 0.00132544 0.0013267 0.00132728 0.00132715 0.00132539 0.00132494 0.00132174 0.00131684 0.00131264 0.00130846 0.00130266 0.00129605 
0.00125049 0.00125854 0.00126528 0.00127199 0.00127976 0.00128306 0.00128784 0.00129174 0.00129444 0.00129526 0.00129605 0.0012966 0.00129565 0.00129446 0.00129216 0.00128944 0.00128637 0.00128333 0.00128004 0.00127689 0.00127409 0.00127158 0.00126964 0.00126841 0.0012679 0.00126814 0.00126932 0.00127137 0.00127406 0.00127757 0.00128153 0.00128606 0.00129084 0.00129574 0.0013007 0.00130553 0.0013101 0.00131441 0.00131778 0.00132015 0.00132224 0.0013237 0.00132402 0.00132306 0.00132316 0.0013207 0.00131641 0.00131265 0.00130895 0.00130345 0.00129734 
0.00125986 0.00126783 0.00127413 0.00128044 0.00128768 0.00129065 0.00129488 0.00129779 0.00129969 0.00129989 0.00129973 0.00129894 0.00129706 0.00129488 0.00129114 0.00128711 0.00128276 0.00127818 0.00127365 0.00126905 0.00126496 0.00126132 0.0012582 0.00125612 0.00125483 0.00125468 0.00125542 0.00125726 0.00126015 0.00126386 0.00126843 0.00127346 0.00127903 0.00128473 0.00129072 0.00129632 0.00130172 0.00130721 0.00131126 0.00131454 0.00131738 0.00131959 0.00132095 0.00132058 0.00132131 0.00131936 0.00131575 0.00131249 0.00130918 0.0013041 0.00129837 
0.00126883 0.00127652 0.00128263 0.00128861 0.00129507 0.00129747 0.00130105 0.00130321 0.00130436 0.00130375 0.00130244 0.00130076 0.00129781 0.0012943 0.00128919 0.0012838 0.00127832 0.00127228 0.00126611 0.00126022 0.00125481 0.00124978 0.00124589 0.00124267 0.00124071 0.00123988 0.00124037 0.0012423 0.00124507 0.00124914 0.00125419 0.00126001 0.00126624 0.00127268 0.00127956 0.00128624 0.00129267 0.00129896 0.00130406 0.0013082 0.00131199 0.001315 0.00131715 0.0013175 0.00131907 0.00131762 0.00131476 0.00131202 0.00130908 0.00130445 0.00129907 
0.00127732 0.00128453 0.00129018 0.00129577 0.00130143 0.00130367 0.0013065 0.00130791 0.0013081 0.00130635 0.00130413 0.00130139 0.00129702 0.00129251 0.00128584 0.00127886 0.00127167 0.00126397 0.00125635 0.00124896 0.00124182 0.00123559 0.0012303 0.00122616 0.0012233 0.00122207 0.00122218 0.00122384 0.00122705 0.00123151 0.00123709 0.0012437 0.00125093 0.00125861 0.00126653 0.00127425 0.00128201 0.0012896 0.00129546 0.00130091 0.00130559 0.0013097 0.0013127 0.00131407 0.00131607 0.00131527 0.00131321 0.00131121 0.00130862 0.0013045 0.00129967 
0.0012849 0.00129193 0.00129745 0.00130245 0.00130758 0.00130935 0.00131134 0.00131211 0.0013115 0.00130886 0.00130539 0.00130166 0.00129607 0.00129 0.00128203 0.00127353 0.00126458 0.00125527 0.00124589 0.00123673 0.00122812 0.0012205 0.00121376 0.00120852 0.00120488 0.00120298 0.00120282 0.00120454 0.00120783 0.00121294 0.00121923 0.00122677 0.00123497 0.00124377 0.00125296 0.00126204 0.001271 0.00127966 0.00128686 0.00129315 0.00129905 0.00130401 0.00130796 0.00131014 0.00131308 0.00131315 0.00131175 0.00131017 0.00130813 0.00130432 0.0012999 
0.00129216 0.00129885 0.00130395 0.00130859 0.00131321 0.00131442 0.00131594 0.00131572 0.00131435 0.00131082 0.00130644 0.00130132 0.00129464 0.00128737 0.00127795 0.00126771 0.00125709 0.00124607 0.00123509 0.00122433 0.00121408 0.0012048 0.00119684 0.00119041 0.0011859 0.00118336 0.00118289 0.00118468 0.00118834 0.00119386 0.00120103 0.00120948 0.00121885 0.00122874 0.00123919 0.0012495 0.00125995 0.00126992 0.00127809 0.00128546 0.00129243 0.0012984 0.00130323 0.00130641 0.00130995 0.00131074 0.00131007 0.00130896 0.00130744 0.00130412 0.00130004 
0.00129834 0.00130484 0.0013098 0.00131406 0.00131815 0.00131901 0.00131982 0.001319 0.0013167 0.00131233 0.00130693 0.00130086 0.0012928 0.00128429 0.00127345 0.00126152 0.00124943 0.0012367 0.00122396 0.00121147 0.00119953 0.00118865 0.00117943 0.00117182 0.00116649 0.00116328 0.00116258 0.00116431 0.00116831 0.0011745 0.00118239 0.0011919 0.00120241 0.00121364 0.0012252 0.00123696 0.00124869 0.00125984 0.00126913 0.00127777 0.00128572 0.0012929 0.00129849 0.00130256 0.00130666 0.00130821 0.00130844 0.00130775 0.00130667 0.00130391 0.0013001 
0.00130405 0.00131029 0.00131499 0.00131884 0.00132254 0.0013229 0.00132319 0.00132178 0.00131859 0.00131348 0.00130694 0.00130007 0.00129056 0.00128109 0.00126867 0.00125536 0.00124151 0.00122727 0.00121285 0.00119852 0.00118503 0.00117271 0.00116193 0.00115336 0.00114707 0.00114333 0.00114239 0.00114422 0.00114851 0.00115524 0.00116406 0.00117454 0.00118619 0.00119879 0.00121168 0.00122458 0.00123762 0.00125009 0.00126062 0.00127021 0.00127938 0.00128728 0.00129388 0.00129877 0.00130362 0.00130588 0.00130657 0.00130662 0.00130583 0.0013033 0.00130004 
0.00130884 0.00131503 0.00131947 0.00132322 0.00132605 0.00132638 0.00132589 0.00132382 0.00132017 0.00131421 0.00130691 0.00129887 0.00128848 0.00127774 0.00126392 0.0012493 0.00123399 0.00121809 0.00120185 0.00118608 0.00117093 0.00115719 0.00114523 0.00113545 0.00112837 0.00112412 0.00112296 0.00112475 0.00112943 0.00113675 0.00114639 0.00115786 0.0011707 0.00118454 0.00119867 0.0012129 0.00122713 0.00124086 0.00125245 0.00126314 0.00127318 0.00128219 0.00128956 0.0012952 0.0013006 0.0013034 0.00130496 0.00130521 0.00130486 0.00130284 0.00129992 
0.00131317 0.00131902 0.00132332 0.00132646 0.00132921 0.00132902 0.00132818 0.00132563 0.00132135 0.00131476 0.00130667 0.00129768 0.00128636 0.00127456 0.00125957 0.00124353 0.00122682 0.00120945 0.00119173 0.00117439 0.00115795 0.00114289 0.00112966 0.00111903 0.00111107 0.00110638 0.00110488 0.00110682 0.00111185 0.0011197 0.00113011 0.00114257 0.00115643 0.00117139 0.0011868 0.00120213 0.00121752 0.0012326 0.00124501 0.00125654 0.00126769 0.00127739 0.00128552 0.00129209 0.00129788 0.00130136 0.00130329 0.00130411 0.00130422 0.00130239 0.00129967 
0.00131651 0.00132231 0.00132627 0.00132945 0.00133163 0.00133127 0.00132997 0.00132709 0.00132225 0.00131498 0.00130623 0.00129647 0.0012841 0.00127163 0.00125564 0.00123837 0.00122053 0.00120176 0.00118285 0.00116419 0.00114644 0.00113015 0.00111594 0.00110429 0.00109582 0.0010906 0.00108901 0.00109091 0.00109621 0.00110461 0.00111571 0.00112893 0.00114385 0.00115978 0.00117629 0.00119272 0.00120927 0.00122508 0.00123848 0.00125088 0.00126277 0.00127331 0.00128211 0.00128927 0.00129547 0.00129953 0.00130188 0.00130307 0.00130345 0.00130188 0.00129954 
0.00131927 0.00132483 0.00132875 0.00133166 0.00133345 0.00133314 0.00133139 0.00132801 0.00132283 0.00131514 0.00130578 0.0012954 0.00128243 0.00126922 0.00125232 0.00123409 0.00121519 0.00119547 0.00117546 0.00115565 0.00113692 0.0011197 0.00110453 0.00109222 0.00108303 0.00107751 0.00107578 0.00107768 0.00108338 0.00109215 0.00110392 0.00111783 0.00113342 0.00115034 0.00116775 0.00118504 0.00120238 0.00121904 0.00123321 0.00124628 0.00125891 0.00126989 0.00127929 0.00128688 0.00129366 0.00129792 0.00130063 0.00130232 0.00130283 0.00130175 0.00129926 
0.00132102 0.00132658 0.00133037 0.00133324 0.00133492 0.00133422 0.0013323 0.00132869 0.00132314 0.00131507 0.00130553 0.00129461 0.00128112 0.00126736 0.00124987 0.00123097 0.00121125 0.0011908 0.00116988 0.00114933 0.00112974 0.00111175 0.00109605 0.00108308 0.00107356 0.00106771 0.00106582 0.00106789 0.0010737 0.00108286 0.00109499 0.00110953 0.00112581 0.00114322 0.00116128 0.00117928 0.00119725 0.00121464 0.00122926 0.00124291 0.001256 0.0012674 0.00127722 0.00128514 0.00129217 0.00129689 0.00129993 0.00130159 0.00130233 0.00130114 0.00129911 
0.00132233 0.00132757 0.0013315 0.00133417 0.00133585 0.00133493 0.00133287 0.0013291 0.00132331 0.00131516 0.00130523 0.00129416 0.00128025 0.00126615 0.0012483 0.00122906 0.00120876 0.0011877 0.0011665 0.0011455 0.00112536 0.00110689 0.00109073 0.0010774 0.0010676 0.00106161 0.0010596 0.00106175 0.00106762 0.00107711 0.00108952 0.00110427 0.00112104 0.00113882 0.00115721 0.00117574 0.00119415 0.00121182 0.00122679 0.00124069 0.00125413 0.00126593 0.00127593 0.00128404 0.00129137 0.00129609 0.00129932 0.00130118 0.00130208 0.00130112 0.00129901 
0.00132263 0.00132792 0.00133179 0.00133443 0.001336 0.00133517 0.00133315 0.00132918 0.00132345 0.00131527 0.00130516 0.00129387 0.0012801 0.00126576 0.00124784 0.00122832 0.00120794 0.00118679 0.00116526 0.00114405 0.00112389 0.00110525 0.00108885 0.00107548 0.00106563 0.00105953 0.00105757 0.00105968 0.00106566 0.00107506 0.00108768 0.00110265 0.00111929 0.0011374 0.00115586 0.00117455 0.00119304 0.00121092 0.0012259 0.00124009 0.00125348 0.00126542 0.00127545 0.00128372 0.00129103 0.00129591 0.00129925 0.00130114 0.00130183 0.00130087 0.00129882 
0.00132212 0.00132751 0.00133139 0.00133412 0.00133578 0.00133487 0.00133292 0.00132906 0.00132348 0.0013152 0.00130533 0.00129407 0.00128034 0.00126625 0.00124824 0.00122895 0.00120879 0.00118784 0.00116649 0.00114547 0.00112532 0.00110691 0.00109071 0.00107739 0.00106759 0.00106164 0.00105967 0.00106176 0.00106763 0.00107711 0.00108949 0.00110429 0.00112104 0.00113885 0.00115721 0.00117571 0.00119417 0.00121183 0.00122678 0.00124071 0.0012541 0.00126597 0.00127594 0.00128399 0.00129133 0.00129606 0.00129938 0.00130115 0.00130208 0.00130108 0.00129903 
0.0013212 0.00132641 0.00133048 0.00133311 0.00133499 0.00133421 0.00133236 0.00132868 0.00132318 0.00131515 0.0013055 0.00129453 0.00128113 0.00126737 0.00124983 0.00123096 0.00121125 0.00119075 0.00116988 0.00114935 0.0011298 0.00111173 0.00109598 0.00108305 0.00107351 0.00106771 0.0010658 0.00106793 0.00107369 0.0010828 0.00109498 0.00110949 0.00112577 0.0011432 0.00116128 0.00117929 0.00119723 0.00121459 0.00122916 0.00124288 0.001256 0.00126743 0.00127722 0.00128512 0.00129223 0.00129692 0.00129983 0.00130155 0.0013023 0.00130112 0.00129907 
0.00131916 0.00132462 0.00132866 0.00133145 0.00133372 0.00133302 0.00133133 0.00132812 0.00132274 0.00131506 0.00130587 0.00129538 0.00128247 0.0012692 0.0012523 0.00123416 0.00121509 0.00119556 0.00117543 0.00115567 0.00113697 0.00111969 0.00110448 0.00109219 0.00108304 0.00107748 0.00107571 0.0010777 0.00108336 0.00109216 0.00110391 0.00111782 0.00113344 0.0011503 0.0011677 0.001185 0.00120241 0.00121901 0.00123309 0.00124614 0.00125894 0.00126989 0.00127926 0.00128689 0.00129365 0.00129789 0.00130064 0.00130222 0.00130279 0.00130146 0.00129928 
0.0013165 0.00132214 0.00132619 0.00132943 0.0013317 0.00133125 0.00133005 0.00132708 0.00132222 0.00131488 0.00130634 0.00129643 0.00128423 0.00127157 0.00125562 0.00123838 0.00122049 0.00120169 0.00118289 0.0011642 0.00114646 0.00113018 0.00111597 0.0011043 0.00109576 0.00109055 0.00108898 0.00109086 0.00109623 0.00110467 0.0011158 0.00112893 0.00114386 0.00115976 0.00117625 0.00119275 0.00120923 0.00122509 0.00123843 0.00125094 0.00126277 0.00127321 0.00128219 0.00128928 0.00129556 0.00129949 0.00130193 0.0013031 0.00130351 0.00130192 0.00129959 
0.00131314 0.00131886 0.00132331 0.00132654 0.00132921 0.00132895 0.00132824 0.00132559 0.00132136 0.00131463 0.00130678 0.00129766 0.0012863 0.00127452 0.00125967 0.0012435 0.00122674 0.00120945 0.00119175 0.00117447 0.0011581 0.00114291 0.00112973 0.00111894 0.00111115 0.00110633 0.00110487 0.00110678 0.00111186 0.00111972 0.00113017 0.00114256 0.00115636 0.00117136 0.00118674 0.00120219 0.0012176 0.00123245 0.00124503 0.00125659 0.00126763 0.00127746 0.00128568 0.00129208 0.00129785 0.0013014 0.00130324 0.00130413 0.00130415 0.00130232 0.00129972 
0.00130895 0.0013149 0.00131957 0.00132296 0.00132612 0.00132634 0.00132585 0.0013238 0.00132017 0.00131427 0.00130704 0.00129882 0.00128841 0.00127775 0.00126408 0.00124927 0.00123387 0.00121801 0.00120178 0.00118611 0.0011709 0.00115724 0.00114525 0.0011355 0.00112842 0.00112423 0.00112297 0.00112478 0.00112939 0.00113675 0.00114637 0.00115773 0.00117072 0.00118448 0.0011987 0.00121293 0.00122718 0.00124095 0.00125237 0.00126302 0.00127326 0.00128202 0.00128959 0.00129525 0.00130048 0.0013034 0.00130481 0.00130521 0.00130509 0.00130295 0.00129994 
0.00130414 0.00131033 0.00131502 0.001319 0.00132235 0.00132296 0.00132304 0.00132158 0.00131862 0.00131351 0.00130722 0.00129994 0.00129063 0.00128106 0.00126869 0.00125539 0.00124162 0.00122718 0.00121273 0.00119846 0.00118499 0.00117261 0.00116198 0.00115333 0.00114707 0.00114331 0.00114237 0.00114413 0.00114849 0.00115521 0.00116396 0.00117444 0.00118618 0.00119876 0.00121166 0.00122457 0.00123762 0.00125013 0.00126058 0.00127027 0.00127925 0.00128733 0.0012939 0.00129891 0.00130342 0.00130582 0.0013065 0.00130667 0.00130577 0.00130328 0.00130004 
0.00129832 0.00130486 0.00130975 0.00131425 0.00131817 0.001319 0.00131972 0.00131898 0.00131671 0.00131236 0.00130698 0.00130076 0.0012927 0.00128437 0.00127334 0.00126155 0.00124932 0.0012367 0.00122394 0.00121137 0.00119958 0.0011887 0.00117938 0.00117182 0.00116635 0.00116323 0.00116258 0.00116429 0.00116837 0.00117444 0.00118236 0.00119185 0.00120235 0.00121368 0.00122532 0.00123696 0.00124855 0.0012599 0.00126921 0.00127775 0.00128576 0.00129291 0.00129853 0.00130255 0.00130667 0.0013082 0.00130829 0.00130775 0.00130658 0.00130389 0.00130014 
0.0012921 0.00129873 0.00130403 0.00130855 0.00131319 0.00131437 0.00131586 0.00131588 0.0013143 0.0013108 0.00130648 0.00130166 0.00129453 0.00128752 0.00127786 0.00126777 0.00125712 0.00124624 0.00123517 0.00122428 0.00121407 0.00120475 0.00119683 0.00119037 0.00118577 0.00118328 0.00118284 0.00118454 0.00118834 0.00119382 0.00120103 0.00120936 0.00121888 0.00122885 0.00123913 0.00124946 0.00125969 0.0012698 0.0012781 0.00128561 0.00129242 0.00129853 0.00130326 0.00130645 0.00130981 0.00131067 0.00131001 0.00130891 0.00130748 0.0013041 0.00130011 
0.00128488 0.00129183 0.00129759 0.00130255 0.00130766 0.00130931 0.00131131 0.0013121 0.00131147 0.00130874 0.00130554 0.0013017 0.00129602 0.00129016 0.001282 0.00127347 0.00126444 0.00125533 0.00124597 0.00123681 0.00122821 0.00122031 0.00121369 0.00120849 0.00120484 0.00120289 0.00120271 0.00120445 0.00120791 0.00121285 0.00121918 0.0012267 0.00123503 0.00124387 0.00125293 0.00126187 0.00127101 0.00127966 0.00128694 0.00129321 0.00129918 0.00130402 0.00130798 0.00131028 0.00131294 0.00131307 0.00131165 0.00131018 0.00130817 0.00130446 0.00129993 
0.00127714 0.00128438 0.00129023 0.00129583 0.00130163 0.0013036 0.00130635 0.00130785 0.0013081 0.00130638 0.00130416 0.00130146 0.00129709 0.00129233 0.00128596 0.00127883 0.00127156 0.00126404 0.00125642 0.00124893 0.00124198 0.00123557 0.00123028 0.00122611 0.00122326 0.00122191 0.00122212 0.00122381 0.00122691 0.00123154 0.00123714 0.00124372 0.00125096 0.00125864 0.0012665 0.00127425 0.00128224 0.00128951 0.00129566 0.0013008 0.00130562 0.00130971 0.00131255 0.00131397 0.001316 0.00131542 0.00131332 0.00131111 0.0013086 0.00130448 0.00129964 
0.00126891 0.00127659 0.00128268 0.00128859 0.00129492 0.00129747 0.00130092 0.00130332 0.00130423 0.00130345 0.00130239 0.00130083 0.00129758 0.00129438 0.00128949 0.00128401 0.00127814 0.00127211 0.00126619 0.0012603 0.00125482 0.00124998 0.00124572 0.00124266 0.00124072 0.00123999 0.0012405 0.00124211 0.00124514 0.00124921 0.00125405 0.00125989 0.00126624 0.00127291 0.00127955 0.00128617 0.00129285 0.00129909 0.0013041 0.00130821 0.00131219 0.00131496 0.00131713 0.00131762 0.00131904 0.00131761 0.00131468 0.00131202 0.00130902 0.00130441 0.00129919 
0.00126 0.00126775 0.00127427 0.00128062 0.00128773 0.0012905 0.00129477 0.00129784 0.00129973 0.0012998 0.00129956 0.00129919 0.00129712 0.00129481 0.00129116 0.00128709 0.0012828 0.00127819 0.00127353 0.00126913 0.00126488 0.00126124 0.00125832 0.00125613 0.00125485 0.00125467 0.00125545 0.00125728 0.00126012 0.00126386 0.00126834 0.00127332 0.00127895 0.00128477 0.00129052 0.00129635 0.0013019 0.00130712 0.00131126 0.00131464 0.00131737 0.00131965 0.00132086 0.00132074 0.00132139 0.00131927 0.0013159 0.0013126 0.00130908 0.00130414 0.0012984 
0.00125055 0.00125859 0.00126541 0.00127199 0.00127987 0.00128304 0.00128795 0.00129167 0.00129422 0.00129543 0.00129602 0.00129656 0.00129553 0.00129443 0.0012921 0.00128936 0.00128652 0.00128322 0.00128025 0.001277 0.00127409 0.00127166 0.00126962 0.00126844 0.00126782 0.00126817 0.00126927 0.00127115 0.001274 0.00127743 0.00128154 0.00128605 0.00129081 0.00129585 0.00130079 0.00130564 0.0013102 0.00131439 0.00131792 0.00132016 0.00132212 0.00132357 0.00132411 0.00132317 0.00132319 0.00132065 0.00131636 0.00131258 0.00130887 0.00130338 0.00129738 
0.00124018 0.00124883 0.00125581 0.00126309 0.00127143 0.0012751 0.00128042 0.00128505 0.00128838 0.00129026 0.00129205 0.0012935 0.00129364 0.00129365 0.00129248 0.00129102 0.00128948 0.00128772 0.00128569 0.0012839 0.00128231 0.00128102 0.00127989 0.00127966 0.00127979 0.00128062 0.00128225 0.00128431 0.00128706 0.00129005 0.00129379 0.00129785 0.00130188 0.00130607 0.00131021 0.00131427 0.00131792 0.00132135 0.00132377 0.0013255 0.0013267 0.00132723 0.00132712 0.00132546 0.001325 0.00132182 0.0013168 0.0013127 0.00130851 0.00130257 0.00129619 
0.0012294 0.00123808 0.00124537 0.00125304 0.0012623 0.00126605 0.00127233 0.00127735 0.00128161 0.00128427 0.00128687 0.00128951 0.00129061 0.00129167 0.0012917 0.00129152 0.00129107 0.00129064 0.00128994 0.0012893 0.00128885 0.00128861 0.00128855 0.00128891 0.00128984 0.00129127 0.00129303 0.00129518 0.00129787 0.00130089 0.00130421 0.00130786 0.00131155 0.00131502 0.00131849 0.00132171 0.00132453 0.00132708 0.00132898 0.00132999 0.00133028 0.00133034 0.00132952 0.00132701 0.0013261 0.0013225 0.00131689 0.00131235 0.00130782 0.00130152 0.00129475 
0.00121833 0.00122742 0.00123498 0.00124305 0.00125275 0.00125706 0.00126395 0.00126977 0.00127447 0.00127816 0.00128152 0.00128481 0.00128698 0.00128891 0.00129009 0.00129097 0.00129181 0.00129244 0.00129279 0.0012933 0.00129399 0.00129459 0.0012955 0.0012967 0.00129804 0.00129998 0.0013019 0.00130444 0.00130712 0.00131008 0.00131304 0.00131627 0.00131924 0.00132226 0.00132517 0.00132757 0.00132969 0.00133169 0.00133283 0.00133302 0.00133293 0.0013323 0.00133065 0.00132761 0.00132629 0.00132206 0.00131588 0.00131093 0.00130601 0.00129935 0.00129223 
0.00120684 0.00121603 0.00122387 0.0012323 0.00124268 0.00124719 0.00125479 0.00126114 0.00126655 0.00127084 0.00127512 0.00127918 0.00128228 0.00128527 0.00128743 0.00128945 0.00129119 0.00129286 0.00129429 0.00129572 0.00129737 0.00129883 0.00130062 0.00130231 0.0013044 0.00130664 0.00130899 0.00131166 0.0013144 0.00131731 0.00132015 0.00132285 0.00132565 0.00132811 0.00133042 0.00133231 0.0013338 0.0013351 0.00133564 0.00133518 0.00133446 0.00133315 0.001331 0.00132757 0.00132586 0.00132106 0.00131431 0.00130883 0.00130337 0.00129676 0.00128926 
0.00119342 0.00120313 0.00121114 0.0012201 0.00123089 0.00123581 0.00124418 0.00125122 0.00125737 0.00126233 0.00126744 0.00127221 0.00127624 0.0012801 0.00128323 0.00128627 0.00128901 0.00129184 0.00129424 0.00129657 0.00129889 0.00130144 0.00130388 0.00130643 0.00130903 0.0013118 0.00131458 0.00131743 0.00132037 0.00132305 0.00132598 0.00132862 0.00133101 0.00133328 0.00133518 0.00133668 0.00133791 0.00133857 0.00133876 0.00133803 0.00133683 0.00133511 0.00133285 0.00132887 0.00132696 0.00132174 0.0013145 0.00130887 0.00130347 0.0012964 0.00128862 
0.00118416 0.00119381 0.00120206 0.00121109 0.00122258 0.00122762 0.00123629 0.0012438 0.00125034 0.00125571 0.00126127 0.00126687 0.00127143 0.00127592 0.00127977 0.00128348 0.00128701 0.0012904 0.00129365 0.00129678 0.00129996 0.00130286 0.00130598 0.00130904 0.00131199 0.00131492 0.00131796 0.00132099 0.00132377 0.00132661 0.00132922 0.00133144 0.00133369 0.00133553 0.00133691 0.00133801 0.0013386 0.00133888 0.00133841 0.00133716 0.00133535 0.00133331 0.00133046 0.001326 0.0013235 0.00131807 0.00131019 0.00130432 0.00129862 0.00129123 0.00128326 
0.00116849 0.00117848 0.00118715 0.00119658 0.00120897 0.00121418 0.00122369 0.00123173 0.00123887 0.00124516 0.0012515 0.00125784 0.00126324 0.00126852 0.00127318 0.0012777 0.00128227 0.00128658 0.00129062 0.00129459 0.00129842 0.00130225 0.00130577 0.00130941 0.00131303 0.00131643 0.00131964 0.00132291 0.00132593 0.0013286 0.00133127 0.00133345 0.00133542 0.00133706 0.00133835 0.00133897 0.00133932 0.00133923 0.00133844 0.00133697 0.00133495 0.00133234 0.00132909 0.00132423 0.00132167 0.00131592 0.00130781 0.00130174 0.001296 0.00128865 0.00128055 
0.00115468 0.00116494 0.00117374 0.00118363 0.00119621 0.00120177 0.00121167 0.00122029 0.00122811 0.00123483 0.00124197 0.00124862 0.00125481 0.00126077 0.00126626 0.00127162 0.00127687 0.00128165 0.00128646 0.00129126 0.00129564 0.00130011 0.00130441 0.00130851 0.00131245 0.00131627 0.00131988 0.00132328 0.00132657 0.00132948 0.00133224 0.00133443 0.00133642 0.00133809 0.00133894 0.0013399 0.00133998 0.0013396 0.00133879 0.00133706 0.00133485 0.00133219 0.00132894 0.00132381 0.00132145 0.00131572 0.00130721 0.00130127 0.00129539 0.00128824 0.0012801 
0.00114732 0.00115732 0.00116601 0.00117563 0.00118866 0.00119382 0.00120384 0.00121265 0.0012205 0.00122759 0.0012347 0.00124166 0.0012482 0.00125446 0.0012605 0.00126618 0.00127187 0.00127734 0.00128249 0.00128758 0.00129263 0.00129757 0.00130202 0.00130656 0.00131082 0.00131494 0.00131871 0.00132218 0.00132549 0.00132834 0.00133096 0.00133308 0.00133487 0.00133624 0.00133696 0.00133713 0.00133689 0.00133619 0.00133479 0.00133279 0.00132989 0.00132682 0.0013231 0.00131762 0.00131453 0.00130852 0.00129931 0.00129296 0.00128675 0.00127899 0.00127043 
0.00112532 0.00113614 0.0011456 0.00115609 0.00116998 0.00117585 0.00118682 0.00119649 0.00120521 0.00121299 0.00122107 0.00122908 0.00123643 0.00124355 0.00125021 0.0012569 0.0012633 0.00126953 0.00127549 0.00128142 0.00128691 0.0012923 0.0012977 0.00130241 0.00130724 0.00131149 0.00131559 0.00131938 0.00132273 0.00132601 0.00132837 0.00133055 0.0013323 0.00133344 0.00133412 0.00133406 0.00133362 0.00133289 0.00133122 0.00132896 0.00132606 0.0013226 0.00131879 0.00131312 0.00130999 0.00130393 0.00129456 0.00128819 0.00128208 0.00127448 0.00126565 
0.00111165 0.00112253 0.00113218 0.00114273 0.00115708 0.00116327 0.00117432 0.00118431 0.0011933 0.00120169 0.00121012 0.00121854 0.00122628 0.00123385 0.00124117 0.00124851 0.00125524 0.00126194 0.00126848 0.0012749 0.00128084 0.00128672 0.00129249 0.00129774 0.00130274 0.00130761 0.00131174 0.00131592 0.00131949 0.00132265 0.00132535 0.00132758 0.00132915 0.00133051 0.00133096 0.00133096 0.00133069 0.00132966 0.00132809 0.00132567 0.00132255 0.00131928 0.00131532 0.00130963 0.00130653 0.00130048 0.00129087 0.00128475 0.00127834 0.00127093 0.00126212 
